2 0.5612980769230769 0.17908653846153846 0.20673076923076922 0.2644230769230769
2 0.9098557692307693 0.1814903846153846 0.13701923076923078 0.31009615384615385
2 0.10697115384615384 0.49278846153846156 0.14423076923076922 0.2932692307692308
2 0.49158653846153844 0.5216346153846154 0.14903846153846154 0.30528846153846156
2 0.8317307692307693 0.5504807692307693 0.16105769230769232 0.2283653846153846
2 0.1658653846153846 0.7728365384615384 0.1658653846153846 0.17067307692307693
2 0.47475961538461536 0.7944711538461539 0.0889423076923077 0.23798076923076922
2 0.9735576923076923 0.8665865384615384 0.038461538461538464 0.14423076923076922
2 0.8221153846153846 0.8810096153846154 0.11538461538461539 0.18028846153846154
2 0.7451923076923077 0.90625 0.0985576923076923 0.18509615384615385
2 0.5733173076923077 0.9278846153846154 0.15384615384615385 0.13942307692307693
2 0.19951923076923078 0.12139423076923077 0.1201923076923077 0.22115384615384615