2 0.8798076923076923 0.171875 0.2283653846153846 0.21634615384615385
2 0.11538461538461539 0.49278846153846156 0.20432692307692307 0.2932692307692308
2 0.37740384615384615 0.4951923076923077 0.20673076923076922 0.28365384615384615
2 0.875 0.49759615384615385 0.2091346153846154 0.25
2 0.6286057692307693 0.5036057692307693 0.22115384615384615 0.25240384615384615
2 0.125 0.828125 0.21634615384615385 0.2764423076923077
2 0.36899038461538464 0.8317307692307693 0.21634615384615385 0.24759615384615385
2 0.8846153846153846 0.8329326923076923 0.21394230769230768 0.2620192307692308
2 0.625 0.8377403846153846 0.21875 0.25721153846153844
2 0.36899038461538464 0.15625 0.22115384615384615 0.27163461538461536
2 0.6117788461538461 0.16105769230769232 0.18990384615384615 0.2668269230769231
2 0.12860576923076922 0.16706730769230768 0.23076923076923078 0.21875